5.0 0.5 0.5 1.0 5
5.0 1.0 0.0 1.0 10
5.0 0.0 0.0 0.5 15
5.0 0.0 0.0 1.0 20
5.0 0.0 0.0 1.5 25
5.0 0.5 0.5 2.0 30
5.0 1.0 1.0 2.5 35
5.0 1.5 1.5 3.0 40
5.0 1.0 1.0 3.5 35
5.0 0.5 0.5 4.0 30
5.0 1.0 1.0 4.5 25
5.0 1.5 1.5 5.0 20 
5.0 1.5 1.5 4.0 15
5.0 1.5 1.5 3.0 10
5.0 1.5 1.5 2.0 5
5.0 1.5 1.5 1.0 0
5.0 1.0 1.0 1.0 -5
5.0 1.0 0.0 1.0 -10
5.0 1.0 -1.0 1.0 -15
5.0 0.0 -1.0 1.0 -20
5.0 -1.0 -1.0 1.0 -25
5.0 -1.0 0.0 1.0 -30
5.0 -1.0 1.0 1.0 -35
5.0 0.0 1.0 1.0 -40
5.0 1.0 1.0 1.0 -35
5.0 0.0 0.0 1.0 0